1,2
2,3
3,1
4,2
5,5
6,8
7,7
8,2
10,5
13,4
14,7
15,6
16,4
17,1
18,2
19,5
20,1
21,4
22,3
23,3
24,10
25,4
26,5
27,5
28,5
30,2
31,7
32,5
33,3
34,2
36,2
37,2
38,1
39,4
40,3
41,2
42,4
43,7
44,1
45,5
46,5
47,8
48,5
51,4
54,3
55,1
56,3
57,3
58,2
59,1
60,6
61,3
62,10
63,4
64,1
65,1
67,4
68,2
69,4
70,2
71,5
72,3
73,3
74,4
75,3
76,4
77,9
78,3
79,6
81,8
82,6
83,7
84,2
85,4
86,3
87,7
88,4
89,7
90,2
91,10
92,1
93,4
94,3
95,2
96,5
97,7
98,6
99,6
100,2
101,7
102,6
103,2
105,4
106,9
107,3
108,5
109,5
110,7
111,4
112,5
114,6
115,4
116,2
