1,10
2,11
3,9
4,7
5,14
6,15
7,15
8,3
9,7
10,7
11,2
12,6
13,11
14,15
15,9
16,6
17,11
18,12
19,16
20,9
21,9
22,10
23,4
24,5
25,13
26,12
27,4
28,23
29,13
30,1
31,14
32,9
33,11
34,5
36,3
37,7
38,10
39,6
40,16
41,8
42,9
43,8
44,4
45,7
46,18
47,10
48,20
49,2
51,2
52,3
53,5
54,3
55,6
56,6
57,5
58,10
59,8
60,4
62,11
63,6
64,5
65,9
66,5
67,11
68,6
69,21
70,11
71,8
72,4
73,10
74,5
75,3
76,13
77,11
78,5
79,6
80,4
81,10
82,8
83,8
84,2
85,6
86,8
87,5
88,7
89,12
90,9
91,7
92,4
93,5
94,4
95,20
96,23
97,5
98,10
99,1
100,6
101,7
102,20
103,4
104,7
105,3
106,2
107,4
108,25
109,6
110,6
111,7
112,10
113,8
114,7
115,12
116,7
