1,14
2,4
3,8
4,3
5,12
6,9
7,8
8,6
9,3
10,8
11,5
12,3
13,3
14,12
15,8
16,5
17,6
18,6
19,1
20,10
21,10
22,4
23,8
24,3
25,1
26,6
27,13
28,8
29,10
30,3
31,6
32,9
33,5
34,6
36,4
37,8
38,1
40,9
41,1
42,5
43,4
45,2
46,8
47,6
48,12
49,3
51,5
52,2
53,2
54,7
55,6
56,3
57,1
58,5
59,5
60,12
61,4
62,3
63,6
64,5
65,2
66,4
67,2
68,5
69,11
70,3
71,3
72,1
73,5
74,8
75,3
76,10
77,7
78,4
79,6
80,5
81,5
82,5
83,4
84,4
85,6
86,7
87,3
88,4
89,9
90,7
91,11
92,1
93,1
94,3
95,8
96,7
97,1
99,4
100,1
101,5
102,8
103,8
104,5
106,6
107,8
108,5
109,6
110,2
111,4
112,13
113,10
114,1
115,6
116,7
