1,1
2,2
3,3
4,2
5,1
6,3
7,6
8,2
9,3
10,1
11,3
12,6
14,7
16,2
19,3
20,2
21,2
22,5
23,5
25,2
26,2
27,2
28,3
29,12
30,3
31,1
32,1
33,2
34,5
36,7
37,2
38,4
39,7
40,1
41,4
42,2
43,2
44,5
45,3
46,10
47,4
48,10
49,1
50,2
52,2
53,2
54,6
55,3
57,4
58,1
61,1
62,2
63,1
64,2
66,6
67,3
68,4
69,3
70,5
71,5
72,5
73,2
74,1
75,1
76,3
77,4
78,2
79,2
80,3
81,3
82,4
83,3
84,4
85,2
86,1
87,2
88,3
89,6
90,2
91,2
92,5
93,1
95,2
96,4
97,2
98,5
99,2
100,3
101,1
102,3
103,2
105,5
106,5
107,5
108,3
109,3
110,2
112,5
113,4
114,5
115,5
116,2
