1,9
2,7
3,5
4,2
5,8
6,5
7,13
8,13
9,10
10,5
11,8
12,8
13,10
14,14
15,8
16,3
17,8
18,13
19,16
20,9
21,13
22,7
23,16
24,11
25,11
26,10
27,8
28,12
29,7
30,7
31,14
32,6
33,12
34,11
36,9
37,10
38,13
39,10
40,8
41,11
42,11
43,10
44,12
45,10
46,12
47,8
48,21
49,3
50,1
51,7
52,6
53,6
54,14
55,9
56,5
57,8
58,7
59,6
60,4
61,6
62,9
63,1
64,9
65,6
66,6
67,6
68,7
69,9
70,13
71,7
72,15
73,8
74,5
75,12
76,6
77,6
78,6
79,12
80,8
81,12
82,4
83,11
84,10
85,6
86,17
87,13
88,12
89,11
90,7
91,13
92,18
93,10
94,7
95,10
96,16
97,22
98,10
99,14
100,9
101,22
102,25
103,12
104,12
105,8
106,12
107,14
108,19
109,13
110,13
111,11
112,17
113,13
114,16
115,26
116,19
