2,4
3,3
4,7
5,3
6,2
7,5
8,3
9,1
10,3
11,4
12,4
13,3
14,4
15,3
16,4
17,4
18,2
19,3
20,2
21,5
22,3
23,5
24,3
25,1
26,6
27,2
28,7
29,5
30,7
31,6
32,4
33,11
34,3
36,1
38,2
39,2
40,3
41,3
42,2
43,3
44,2
45,2
46,8
47,4
48,7
50,2
51,3
52,1
53,2
54,2
55,4
56,2
57,1
58,1
59,4
60,3
61,2
62,6
63,1
64,3
65,4
66,4
67,3
68,2
69,7
70,2
71,1
72,5
73,2
74,1
75,1
76,3
77,3
78,2
79,1
80,1
82,4
83,3
84,5
86,5
87,5
88,4
89,5
90,2
91,7
92,3
93,2
94,2
95,6
96,5
97,1
98,2
99,2
100,3
101,5
102,5
103,5
104,2
105,1
106,7
107,4
109,3
110,1
111,1
112,6
113,1
115,2
116,4
