1,6
2,8
3,3
4,4
5,7
6,8
7,13
8,6
9,10
10,8
11,11
12,10
13,9
14,19
15,6
16,3
17,5
18,5
19,16
20,10
21,13
22,8
23,6
24,13
25,11
26,6
27,10
28,14
29,9
30,8
31,12
32,4
33,6
34,10
36,6
37,15
38,2
39,7
40,10
41,10
42,20
43,9
44,9
45,11
46,23
47,12
48,18
49,5
50,4
51,8
52,17
53,3
54,6
55,8
56,2
57,3
58,7
59,10
60,5
61,5
62,11
63,6
64,8
65,7
66,9
67,8
68,3
69,8
70,7
71,3
72,9
73,2
74,8
75,7
76,12
77,6
78,9
79,9
80,8
81,10
82,11
83,15
84,6
85,2
86,7
87,13
88,8
89,10
90,4
91,8
92,9
93,6
94,8
95,15
96,6
97,2
98,12
99,7
100,9
101,16
102,17
103,11
104,14
105,9
106,18
107,7
108,23
109,5
110,14
111,17
112,15
113,7
114,8
115,17
116,13
