1,10
2,6
3,8
4,2
5,4
6,10
7,22
8,11
9,6
10,12
11,13
12,16
13,12
14,9
15,8
16,6
17,11
18,6
19,12
20,9
21,15
22,11
23,7
24,8
25,9
26,11
27,7
28,14
29,7
30,12
31,6
32,13
33,14
34,10
36,5
37,9
38,10
39,10
40,12
41,17
42,14
43,9
44,9
45,18
46,18
47,20
48,11
50,1
51,4
52,4
53,4
54,8
55,7
56,9
57,12
58,11
59,6
60,4
61,12
62,13
63,6
64,9
65,4
66,7
67,17
68,7
69,8
70,6
71,4
72,8
73,8
74,6
75,3
76,13
77,7
78,2
79,5
80,5
81,16
82,9
83,16
84,5
85,4
86,8
87,6
88,11
89,14
90,9
91,5
92,8
93,2
94,3
95,9
96,13
97,7
98,4
99,14
100,9
101,11
102,12
103,6
104,10
105,11
106,12
107,8
108,11
109,5
110,9
111,6
112,12
113,8
114,6
115,9
116,3
