编码,日期,销量
1203,20150501,17
1203,20150502,50
1203,20150503,27
1203,20150504,34
1203,20150505,30
1203,20150506,28
1203,20150507,28
1203,20150508,24
1203,20150509,27
1203,20150510,25
1203,20150511,30
1203,20150512,26
1203,20150513,33
1203,20150514,27
1203,20150515,34
1203,20150516,27
1203,20150517,31
1203,20150518,29
1203,20150519,28
1203,20150520,30
1203,20150521,27
1203,20150522,30
1203,20150523,28
1203,20150524,31
1203,20150525,28
1203,20150526,31
1203,20150527,29
1203,20150528,31
1203,20150529,29
1203,20150530,30
