编码,日期,销量
1505,20150501,14
1505,20150502,13
1505,20150503,16
1505,20150504,16
1505,20150505,18
1505,20150506,18
1505,20150507,17
1505,20150508,16
1505,20150509,16
1505,20150510,17
1505,20150511,16
1505,20150512,16
1505,20150513,17
1505,20150514,18
1505,20150515,17
1505,20150516,16
1505,20150517,16
1505,20150518,17
1505,20150519,17
1505,20150520,17
1505,20150521,17
1505,20150522,17
1505,20150523,17
1505,20150524,17
1505,20150525,17
1505,20150526,17
1505,20150527,17
1505,20150528,17
1505,20150529,17
1505,20150530,17
