编码,日期,销量
2201,20150501,12
2201,20150502,10
2201,20150503,14
2201,20150504,9
2201,20150505,11
2201,20150506,11
2201,20150507,13
2201,20150508,10
2201,20150509,12
2201,20150510,12
2201,20150511,12
2201,20150512,10
2201,20150513,12
2201,20150514,11
2201,20150515,11
2201,20150516,11
2201,20150517,11
2201,20150518,11
2201,20150519,11
2201,20150520,11
2201,20150521,11
2201,20150522,11
2201,20150523,11
2201,20150524,11
2201,20150525,11
2201,20150526,11
2201,20150527,11
2201,20150528,11
2201,20150529,11
2201,20150530,11
