编码,日期,销量
2202,20150501,17
2202,20150502,12
2202,20150503,14
2202,20150504,13
2202,20150505,13
2202,20150506,19
2202,20150507,13
2202,20150508,15
2202,20150509,12
2202,20150510,16
2202,20150511,17
2202,20150512,12
2202,20150513,15
2202,20150514,11
2202,20150515,14
2202,20150516,17
2202,20150517,15
2202,20150518,15
2202,20150519,11
2202,20150520,13
2202,20150521,16
2202,20150522,15
2202,20150523,16
2202,20150524,13
2202,20150525,12
2202,20150526,15
2202,20150527,15
2202,20150528,16
2202,20150529,14
2202,20150530,12
