编码,日期,销量
2203,20150501,9
2203,20150502,17
2203,20150503,12
2203,20150504,7
2203,20150505,9
2203,20150506,13
2203,20150507,10
2203,20150508,11
2203,20150509,14
2203,20150510,12
2203,20150511,6
2203,20150512,9
2203,20150513,14
2203,20150514,11
2203,20150515,11
2203,20150516,11
2203,20150517,11
2203,20150518,7
2203,20150519,11
2203,20150520,13
2203,20150521,12
2203,20150522,9
2203,20150523,11
2203,20150524,10
2203,20150525,9
2203,20150526,11
2203,20150527,12
2203,20150528,11
2203,20150529,8
2203,20150530,10
