编码,日期,销量
3112,20150501,0
3112,20150502,0
3112,20150503,0
3112,20150504,0
3112,20150505,0
3112,20150506,0
3112,20150507,0
3112,20150508,0
3112,20150509,0
3112,20150510,0
3112,20150511,0
3112,20150512,0
3112,20150513,0
3112,20150514,0
3112,20150515,0
3112,20150516,0
3112,20150517,-1
3112,20150518,0
3112,20150519,-1
3112,20150520,-1
3112,20150521,-1
3112,20150522,-1
3112,20150523,-1
3112,20150524,-1
3112,20150525,-1
3112,20150526,-1
3112,20150527,-1
3112,20150528,-1
3112,20150529,-1
3112,20150530,-1
