1,2
2,4
3,1
4,2
5,3
6,4
7,4
8,4
9,2
10,2
11,2
12,2
13,2
14,1
15,3
16,1
17,5
18,6
19,1
20,7
21,4
23,4
25,5
26,2
27,2
28,4
29,3
30,4
31,6
32,1
33,2
34,5
36,1
37,3
38,1
39,1
40,4
41,4
42,3
43,3
44,2
45,2
46,2
47,4
49,1
51,3
52,1
53,1
54,2
55,4
56,1
58,4
60,6
62,3
63,3
64,2
65,1
66,1
67,2
68,1
69,1
70,4
71,4
72,1
73,1
75,6
76,1
77,3
79,1
80,1
81,2
82,2
83,1
84,2
86,3
88,5
90,5
91,3
92,7
93,1
95,4
98,6
99,2
100,4
101,3
102,3
103,6
104,1
105,2
106,2
107,4
108,2
109,2
110,5
111,3
112,5
113,1
114,2
115,3
116,2
