1,6
2,2
3,4
4,2
5,5
7,4
8,3
9,3
10,3
11,5
12,8
13,5
14,5
15,5
16,4
17,4
18,4
19,2
20,2
21,2
22,3
23,1
24,1
25,1
26,2
28,5
29,4
30,3
31,3
32,6
33,5
34,2
36,5
37,8
38,5
39,4
40,4
41,5
42,2
43,4
44,1
45,6
46,1
56,1
57,3
58,2
59,8
60,3
61,11
62,4
63,6
64,7
65,4
66,6
67,3
68,7
69,5
70,7
71,6
72,6
73,6
74,4
75,5
76,14
77,3
78,7
79,7
80,3
81,3
82,5
83,4
84,1
85,2
86,3
87,2
88,9
89,3
90,4
91,7
92,3
93,4
94,2
95,9
96,6
97,3
98,11
100,5
101,2
102,3
103,4
104,8
105,1
106,4
107,4
108,6
109,8
110,5
111,2
112,5
113,5
114,2
115,3
116,1
