1,64
2,66
3,52
4,71
5,115
6,96
7,105
8,87
9,63
10,63
11,94
12,110
13,85
14,85
15,88
16,103
17,82
18,111
19,139
20,128
21,142
22,106
23,82
24,75
25,95
26,111
27,102
28,161
29,75
30,84
31,99
32,68
33,109
34,88
35,2
36,74
37,75
38,77
39,73
40,115
41,78
42,81
43,93
44,67
45,95
46,125
47,109
48,122
49,14
50,17
51,46
52,55
53,42
54,88
55,81
56,52
57,74
58,50
59,80
60,91
61,78
62,85
63,67
64,64
65,37
66,72
67,90
68,77
69,99
70,89
71,95
72,148
73,68
74,84
75,85
76,124
77,86
78,43
79,59
80,73
81,105
82,66
83,111
84,68
85,54
86,72
87,40
88,99
89,145
90,60
91,81
92,91
93,68
94,58
95,86
96,105
97,72
98,92
99,89
100,100
101,83
102,112
103,92
104,93
105,79
106,109
107,82
108,148
109,83
110,109
111,78
112,111
113,111
114,72
115,116
116,50
