1,5
2,5
3,9
4,12
5,13
6,9
7,15
8,6
9,14
10,4
11,10
12,8
13,18
14,9
15,8
16,10
17,7
18,8
19,20
20,16
21,12
22,12
23,10
24,8
25,13
26,4
27,11
28,15
29,13
30,5
31,5
32,8
33,13
34,11
35,1
36,14
37,7
38,16
39,10
40,14
41,9
42,13
43,11
44,4
45,6
46,10
47,10
48,7
50,1
51,1
54,6
55,4
56,1
57,4
58,10
59,6
60,9
61,5
62,3
63,4
64,4
65,2
66,8
67,15
68,4
69,11
70,7
71,3
72,14
73,7
74,12
75,5
76,9
77,2
78,6
79,2
80,4
81,9
82,4
83,14
84,9
85,2
86,10
87,4
88,7
89,16
90,4
91,6
92,6
93,6
94,6
95,8
96,13
97,4
98,9
99,11
100,5
101,7
102,5
103,3
104,7
105,3
106,9
107,12
108,9
109,7
110,6
111,5
112,8
113,5
114,5
115,7
116,7
