1,33
2,27
3,18
4,21
5,32
6,37
7,24
8,34
9,26
10,30
11,21
12,18
13,23
14,42
15,19
16,27
17,25
18,33
19,42
20,37
21,52
22,26
23,28
24,33
25,30
26,34
27,16
28,43
29,13
30,30
31,20
32,33
33,27
34,19
36,16
37,31
38,24
39,23
40,32
41,24
42,20
43,29
44,23
45,27
46,35
47,27
48,42
49,5
50,11
51,10
52,13
53,9
54,21
55,20
56,14
57,13
58,25
59,25
60,21
61,5
62,40
63,17
64,24
65,19
66,27
67,26
68,24
69,54
70,29
71,26
72,34
73,35
74,33
75,38
76,84
77,26
78,21
79,26
80,17
81,51
82,31
83,50
84,16
85,21
86,23
87,17
88,34
89,37
90,32
91,29
92,15
93,16
94,11
95,36
96,49
97,18
98,27
99,44
100,27
101,57
102,57
103,35
104,36
105,13
106,26
107,26
108,49
109,33
110,21
111,21
112,37
113,32
114,19
115,53
116,18
