1,1
2,3
3,4
4,4
5,4
6,6
7,4
8,4
9,4
11,1
12,4
13,3
14,5
15,2
16,1
17,3
18,8
19,5
20,1
21,5
22,6
23,4
24,4
25,6
26,5
27,2
28,12
30,3
31,6
32,8
33,4
34,6
36,1
37,3
38,2
39,1
40,8
41,3
42,4
44,4
45,2
46,5
47,3
48,3
50,1
51,5
52,1
53,4
54,8
55,7
56,3
57,4
58,3
60,3
61,3
62,5
63,5
64,6
65,4
67,3
68,6
69,2
70,1
72,4
73,6
74,3
75,9
76,3
77,4
78,1
79,3
80,4
81,5
82,1
83,6
84,1
85,1
86,2
87,2
88,6
89,9
90,4
91,7
92,1
93,4
94,3
95,4
96,1
98,6
99,1
100,2
101,6
102,5
103,3
105,3
106,4
107,4
108,6
109,1
110,2
111,4
112,9
113,4
114,2
115,4
116,2
