1,6
2,3
3,5
4,10
5,11
6,6
7,12
8,9
9,5
10,6
11,1
12,10
13,8
14,14
15,8
16,8
17,7
18,7
19,12
20,10
21,17
22,9
23,12
24,5
25,2
26,10
27,11
28,6
29,10
30,3
31,15
32,12
33,9
34,3
36,4
37,4
38,4
39,6
40,6
41,12
42,6
43,4
44,7
45,3
46,14
47,8
48,8
50,2
51,3
53,2
54,3
55,2
56,5
57,2
58,4
59,2
60,2
61,5
62,5
63,5
64,5
65,2
66,1
67,5
68,3
69,7
70,7
71,5
72,1
73,4
74,5
75,6
76,5
77,7
78,3
79,2
80,1
81,2
82,3
83,9
85,3
86,4
88,10
89,6
90,3
91,4
92,1
93,6
94,1
95,2
96,3
97,5
98,3
99,4
100,5
101,4
102,4
103,2
104,3
105,2
106,7
107,2
108,3
109,2
110,9
111,4
112,2
113,6
114,9
115,11
116,2
