1,8
2,8
3,1
4,3
5,10
6,1
7,8
8,6
9,4
10,2
11,3
13,7
14,3
15,4
16,5
17,8
18,7
19,10
20,6
21,5
22,3
23,3
24,1
25,2
26,12
27,6
28,7
29,3
30,5
31,5
32,10
33,4
34,3
36,1
37,4
38,6
39,1
40,5
41,6
42,7
43,5
44,3
45,6
46,9
47,7
48,15
49,1
51,2
52,4
54,2
55,8
56,1
57,1
58,4
59,3
60,2
61,1
62,4
63,1
64,1
67,1
68,1
69,3
70,2
71,5
72,2
73,3
74,3
75,3
76,2
77,2
78,3
79,1
80,3
81,3
82,2
83,4
84,1
85,1
86,1
88,3
89,3
90,1
92,5
93,4
94,2
95,2
96,2
97,1
98,2
99,1
100,1
101,5
102,1
103,4
104,4
106,2
107,3
108,1
109,3
111,1
114,1
116,1
