1,7
2,3
3,6
4,12
5,6
6,5
7,10
8,7
9,8
10,5
11,2
12,3
13,7
14,3
15,5
16,5
17,4
18,2
19,7
20,3
21,7
22,6
24,3
25,8
26,6
27,7
28,12
29,10
30,5
31,3
32,3
33,8
34,7
36,2
37,5
38,6
39,4
40,5
41,6
42,14
43,10
44,8
45,12
46,16
47,10
48,2
49,2
50,1
51,4
52,1
54,1
55,2
56,5
57,5
59,5
61,3
62,11
64,4
65,1
66,4
67,8
68,2
69,7
70,2
71,2
72,8
73,2
74,5
75,5
76,5
77,1
78,1
79,2
80,2
81,9
82,3
83,4
84,4
85,1
86,2
87,2
88,3
89,2
91,7
92,4
93,10
94,3
95,5
96,7
97,4
99,4
100,3
101,3
102,8
103,4
104,6
105,9
106,4
107,7
108,4
109,1
110,2
111,4
112,11
113,4
114,4
115,3
116,4
