1,2
2,5
3,5
4,5
5,3
6,5
7,6
8,7
9,6
10,5
11,5
12,6
13,8
14,6
15,5
16,3
17,5
18,8
19,3
20,8
21,4
22,5
24,3
25,2
26,2
27,8
28,7
29,7
30,1
31,3
32,9
33,5
34,6
36,7
37,6
38,4
39,2
40,2
41,5
42,9
43,16
44,7
45,6
46,9
47,8
48,7
49,1
50,1
52,1
54,5
55,4
56,2
57,2
58,2
59,1
60,3
61,2
62,9
63,3
64,3
65,2
66,4
67,3
68,3
69,2
70,4
71,3
72,3
73,2
74,3
75,2
76,2
77,5
79,2
80,5
81,4
82,2
83,6
84,4
85,3
86,2
87,2
88,9
89,8
90,2
91,4
92,1
93,2
94,2
95,11
96,4
97,1
98,2
99,7
100,3
101,3
102,5
103,7
104,2
106,1
107,5
108,3
109,2
110,1
111,3
112,7
113,2
114,2
115,3
116,7
