1,7
2,12
3,8
4,3
5,8
6,5
7,12
8,5
9,8
10,14
11,4
12,5
13,9
14,8
15,5
16,11
17,12
18,9
19,10
20,8
21,20
22,10
23,12
24,4
25,4
26,9
27,17
28,17
29,11
30,4
31,11
32,3
33,9
34,20
36,9
37,9
38,6
39,4
40,17
41,8
42,16
43,17
44,15
45,9
46,30
47,26
48,14
49,2
50,5
51,5
52,2
53,2
54,2
55,8
56,2
57,2
58,6
59,1
60,6
61,8
62,10
63,6
64,7
65,8
66,12
67,5
68,5
69,9
70,10
71,4
72,8
73,6
74,7
75,2
76,8
77,11
78,7
79,9
80,11
81,8
82,3
83,8
84,16
85,3
86,3
87,6
88,11
89,12
90,15
91,5
92,2
93,11
94,8
95,21
96,7
97,2
98,10
99,3
100,3
101,5
102,28
103,10
104,9
105,5
106,3
107,14
108,16
109,7
110,7
111,7
112,11
113,5
114,9
115,34
116,9
