1,5
2,2
3,4
4,4
5,7
6,8
7,3
8,3
9,4
10,3
11,4
12,4
13,2
14,3
15,6
16,5
17,5
18,7
19,6
20,4
21,5
22,5
23,4
24,5
25,3
26,4
27,7
28,2
29,6
30,4
31,6
32,5
33,4
34,4
36,2
37,2
38,6
39,6
40,3
41,7
42,4
43,3
44,6
45,6
46,8
47,11
48,13
50,2
51,3
53,5
56,3
57,3
58,5
59,5
60,2
61,5
62,5
63,2
64,4
65,4
66,5
67,1
68,5
69,8
70,4
71,5
72,5
73,2
74,3
75,2
76,3
77,5
78,1
79,3
80,2
81,2
82,6
83,3
84,7
85,3
87,2
88,3
89,5
91,3
92,4
93,2
94,3
95,10
96,6
97,2
98,1
99,2
100,3
101,3
102,5
103,5
104,6
105,5
106,6
107,1
108,12
109,2
110,5
111,3
112,9
114,3
115,8
116,2
