1,4
2,3
3,5
4,11
5,7
6,6
7,12
8,5
9,6
10,6
11,6
12,7
13,13
14,7
15,9
16,4
17,4
18,7
19,7
20,10
21,8
22,7
23,12
24,5
25,3
26,5
27,4
28,15
29,11
30,3
31,7
32,6
33,1
34,7
36,8
37,13
38,5
39,8
40,9
41,7
42,7
44,13
45,8
46,14
47,16
48,9
50,2
51,12
52,5
53,5
54,3
55,4
56,5
57,4
58,7
59,6
60,6
61,5
62,10
63,14
64,4
65,2
66,2
67,11
68,2
69,9
70,5
71,1
72,2
73,4
74,3
75,5
76,14
77,6
78,1
79,5
81,11
82,2
83,3
84,13
85,1
86,1
87,11
88,6
89,10
90,8
91,5
92,3
93,3
94,1
95,4
96,6
97,5
98,1
99,10
100,14
101,5
102,11
103,5
104,2
105,4
106,9
107,7
108,8
109,6
110,14
111,6
112,10
113,1
114,4
115,5
116,8
