1,14
2,15
3,13
4,24
5,9
6,13
7,22
8,9
9,13
10,25
11,17
12,9
13,18
14,12
15,24
16,13
17,18
18,10
19,19
20,10
21,18
22,11
23,18
24,5
25,16
26,14
27,20
28,25
29,18
30,12
31,22
32,6
33,12
34,18
36,3
37,11
38,11
39,9
40,15
41,10
42,22
43,18
44,18
45,22
46,32
47,29
48,24
49,1
50,6
51,5
52,11
53,11
54,10
55,11
56,13
57,5
58,16
59,9
60,3
61,8
62,22
63,11
64,12
65,6
66,9
67,10
68,14
69,12
70,16
71,9
72,17
73,8
74,19
75,6
76,18
77,7
78,12
79,16
80,18
81,7
82,13
83,7
84,20
85,16
86,21
87,8
88,18
89,12
90,8
91,14
92,40
93,15
94,11
95,21
96,13
97,14
98,14
99,15
100,8
101,31
102,18
103,7
104,27
105,9
106,7
107,10
108,16
109,15
110,6
111,13
112,10
113,12
114,5
115,18
116,13
