1,7
2,8
3,8
4,14
5,7
6,10
7,18
8,22
9,9
10,9
11,13
12,4
13,10
14,17
15,22
16,14
17,8
18,13
19,6
20,15
21,23
22,11
23,13
24,10
25,15
26,16
27,10
28,27
29,7
30,11
31,18
32,14
33,8
34,20
35,2
36,24
37,14
38,10
39,23
40,20
41,11
42,24
43,10
44,21
45,26
46,36
47,38
48,48
49,2
50,2
51,6
52,6
53,8
54,10
55,9
56,5
57,11
58,8
59,14
60,14
61,8
62,16
63,2
64,14
65,7
66,13
67,10
68,7
69,21
70,12
71,11
72,18
73,10
74,13
75,10
76,21
77,7
78,6
79,14
80,11
81,13
82,9
83,19
84,16
85,5
86,12
87,14
88,20
89,15
90,8
91,17
92,17
93,9
94,2
95,16
96,16
97,14
98,13
99,18
100,15
101,23
102,21
103,9
104,34
105,19
106,13
107,11
108,23
109,15
110,14
111,16
112,14
113,9
114,7
115,26
116,23
