1,2
2,12
3,16
4,4
5,3
6,12
7,13
8,6
9,17
10,28
11,8
12,11
13,6
14,15
15,8
16,17
17,9
18,17
19,11
20,11
21,11
22,9
23,11
24,9
25,20
26,3
27,15
28,21
29,11
30,6
31,27
32,11
33,8
34,26
35,1
36,8
37,13
38,16
39,17
40,21
41,4
42,26
43,28
44,33
45,22
46,45
47,36
48,65
49,7
50,9
51,17
52,14
53,13
54,8
55,9
56,13
57,10
58,12
59,19
60,3
61,3
62,12
63,7
64,15
65,1
66,5
67,4
68,8
69,13
70,7
71,4
72,13
73,6
74,12
75,2
76,15
77,10
78,3
79,8
80,20
81,2
82,2
83,6
84,7
85,18
86,17
87,15
88,10
89,8
90,4
91,13
92,40
93,18
94,11
95,14
96,17
97,7
98,15
99,11
100,2
101,12
102,21
103,10
104,25
105,8
106,4
107,2
108,17
109,10
110,8
111,10
112,4
113,6
114,7
115,15
116,13
