1,4
2,6
3,2
4,8
5,6
6,5
7,2
8,4
9,3
10,4
11,3
12,4
13,2
14,5
16,4
17,3
18,3
19,9
20,6
21,10
22,4
23,3
24,2
25,5
26,3
27,5
28,15
29,5
30,4
31,6
32,3
33,3
34,4
36,2
37,8
38,9
39,5
40,13
41,2
42,1
43,4
44,7
45,9
46,18
47,13
48,27
49,1
50,1
51,1
52,3
53,6
54,3
55,7
57,5
58,6
59,1
60,1
61,5
62,9
63,1
64,3
65,6
66,3
67,4
68,7
69,6
70,1
71,6
72,3
73,5
75,1
76,8
78,3
79,9
80,1
81,2
82,8
83,13
84,4
85,5
86,4
87,2
88,7
89,13
90,2
91,10
92,8
93,9
94,6
95,17
96,5
97,9
98,6
99,8
100,8
101,3
102,7
103,3
104,5
105,5
106,3
107,4
108,11
109,8
110,2
111,4
112,4
113,3
114,1
115,10
116,6
