1,4
2,7
3,11
4,13
5,6
6,10
7,15
8,8
9,12
10,6
11,13
12,5
13,13
14,10
15,15
16,17
17,8
18,9
19,12
20,10
21,22
22,7
23,9
24,5
25,10
26,14
27,5
28,14
29,7
30,10
31,13
32,13
33,8
34,12
35,1
36,3
37,6
38,9
39,6
40,12
41,7
42,10
43,14
44,18
45,21
46,25
47,39
48,55
49,1
50,3
51,5
52,12
53,3
54,9
55,10
56,2
57,3
58,8
59,6
60,10
61,2
62,19
63,2
64,2
65,6
66,12
67,7
68,2
69,6
70,7
71,24
72,8
73,15
74,8
75,6
76,13
77,4
78,10
79,8
80,7
81,8
82,8
83,7
84,8
85,6
86,3
87,6
88,6
89,11
90,6
91,13
92,12
93,9
94,5
95,7
96,8
97,5
98,6
99,9
100,12
101,14
102,11
103,12
104,5
105,5
106,2
107,5
108,14
109,5
110,8
111,6
112,4
113,2
114,3
115,6
116,9
