1,5
2,7
3,5
4,9
5,4
6,3
7,2
8,4
9,15
10,5
11,11
12,2
13,11
14,5
15,7
16,13
17,8
18,8
19,7
20,5
21,21
22,8
23,11
24,5
25,7
26,10
27,2
28,24
29,11
30,1
31,6
32,7
33,3
34,2
36,1
37,2
38,6
39,4
40,14
41,5
42,3
43,10
44,8
45,6
46,16
47,17
48,18
49,2
51,4
52,2
53,4
54,6
55,2
56,6
57,4
58,5
59,4
61,12
62,8
63,1
64,1
66,3
67,4
68,3
69,5
70,6
71,4
72,5
73,11
74,4
75,2
76,17
77,3
78,4
79,10
80,11
81,3
82,4
83,2
84,5
85,12
86,2
87,7
88,4
89,8
90,3
91,13
92,10
93,6
94,1
95,6
96,14
97,7
98,10
99,8
100,6
101,10
102,12
103,10
104,5
105,3
106,1
107,8
108,10
109,18
110,3
111,6
112,5
113,2
114,3
115,14
116,13
