1,2
2,5
3,6
4,6
6,7
7,8
8,4
9,7
10,4
11,5
13,1
15,7
16,9
17,3
18,5
19,10
20,1
21,8
22,5
23,14
24,7
25,4
27,3
28,10
29,2
30,8
31,5
32,6
33,2
34,6
36,5
37,6
38,2
39,1
40,9
41,3
42,23
43,13
44,16
45,25
46,22
47,32
48,46
49,6
51,2
52,2
53,3
54,6
55,2
56,3
57,5
58,3
59,2
60,4
61,2
62,5
63,1
64,1
65,4
67,2
68,1
69,6
70,9
71,11
72,4
73,1
74,2
75,2
76,4
77,6
78,2
79,7
80,3
81,3
82,2
83,1
84,6
85,2
86,7
87,3
88,12
89,2
90,2
91,12
92,4
93,7
94,5
95,9
96,4
97,4
98,3
99,9
100,2
101,6
102,6
104,4
105,3
106,2
107,2
108,2
109,2
110,2
111,2
112,4
113,4
114,1
115,7
116,7
