1,3
2,7
3,5
4,5
5,2
6,3
7,3
9,2
10,7
11,3
12,1
13,2
14,1
15,3
16,2
17,4
18,1
19,2
20,2
21,5
22,1
24,1
25,3
26,3
27,1
28,3
29,3
30,2
31,3
33,4
34,2
36,1
37,3
38,1
39,1
40,4
41,4
42,2
43,1
44,4
46,5
47,5
48,5
50,2
53,1
54,1
55,1
56,1
57,1
60,3
62,3
63,3
64,1
65,2
66,1
67,2
68,2
69,1
70,4
71,2
72,2
73,1
75,2
76,6
77,2
78,1
79,1
80,3
81,4
82,1
83,1
85,1
86,5
87,1
88,1
89,2
90,3
91,3
92,3
93,2
95,6
96,1
97,1
98,3
99,1
101,4
102,7
103,4
104,3
105,2
106,3
108,5
109,1
110,1
111,5
112,3
114,1
115,2
116,3
