编码,日期,销量
1201,20150501,103
1201,20150502,79
1201,20150503,95
1201,20150504,93
1201,20150505,78
1201,20150506,103
1201,20150507,63
1201,20150508,104
1201,20150509,70
1201,20150510,92
1201,20150511,86
1201,20150512,79
1201,20150513,96
1201,20150514,69
1201,20150515,100
1201,20150516,69
1201,20150517,93
1201,20150518,80
1201,20150519,81
1201,20150520,91
1201,20150521,73
1201,20150522,96
1201,20150523,71
1201,20150524,92
1201,20150525,78
1201,20150526,84
1201,20150527,87
1201,20150528,76
1201,20150529,92
1201,20150530,73
