1,1
2,5
3,1
4,7
6,1
7,1
8,4
9,5
10,6
11,2
12,1
13,1
15,4
16,2
17,2
18,1
19,3
21,2
23,2
25,2
26,4
27,7
28,9
29,4
30,3
31,3
32,4
33,1
34,3
36,3
37,1
38,2
39,2
41,3
42,5
43,4
44,5
45,5
46,4
47,13
48,19
49,1
50,1
51,4
52,5
53,1
54,4
55,5
56,3
57,1
58,4
59,1
60,4
61,1
62,3
63,4
64,7
65,4
66,4
67,1
69,2
70,1
71,1
72,2
73,3
74,4
76,2
77,2
78,2
79,5
80,1
81,4
82,1
83,2
84,1
85,4
86,1
87,3
88,2
89,1
90,2
91,1
92,3
94,1
95,2
96,5
98,8
99,3
100,1
101,2
102,2
103,2
104,3
105,1
107,1
108,3
110,3
111,4
112,7
113,1
114,3
115,6
116,6
