1,3
2,6
3,7
4,5
5,9
6,5
7,28
8,7
9,4
10,4
11,3
12,12
13,5
14,16
15,9
16,9
17,3
18,5
19,4
20,9
21,25
22,6
23,7
24,2
25,5
26,13
27,12
28,35
29,9
30,4
31,6
32,5
33,5
34,9
36,10
37,4
38,1
39,10
40,8
41,14
42,25
43,6
44,6
45,15
46,9
47,16
48,9
49,1
51,2
52,4
53,2
54,1
56,2
57,3
58,4
59,8
60,9
61,8
62,12
63,9
64,3
65,5
66,5
67,13
68,5
69,10
70,5
71,6
72,10
73,9
74,6
75,11
76,20
77,5
78,3
79,1
80,4
81,2
82,6
83,22
84,7
85,3
86,3
87,5
88,6
89,17
90,10
91,5
92,9
93,7
94,7
95,10
96,13
97,8
98,9
99,16
100,6
101,4
102,20
103,8
104,4
105,6
106,6
107,7
108,20
109,6
110,13
111,4
112,8
113,3
114,10
115,14
116,11
